<?xml version="1.0" encoding="UTF-8" standalone="no" ?>
<SimscapeMultibodyImportXML version="2.0" xmlns="urn:mathworks:SimscapeMultibody:import" xmlns:xsi="http://www.w3.org/2001/XMLSchema-instance">
<Created by="" on="10/19/23||11:02:46" using="Simscape Multibody Link Version 7.4" from="SolidWorks 31.3.0"/>
<ModelUnits mass="kilogram" length="millimeter"/>
<DataUnits mass="kilogram" length="meter"/>
<RootAssembly name="Complete Assembly Line" uid="Complete Assembly Line" version="444">
<AssemblyFile name="Complete Assembly Line.SLDASM" type="SolidWorks Assembly"/>
<InstanceTree>
<Instance name="CompIntake Station-1" uid="CompIntake Station-1" entityUid="CompIntake Station" rigid="true">
<Transform>
<Rotation>1 0 0 0 0 -1 0 1 0</Rotation>
<Translation>0.11837031750039839 0.43051599154915532 0.18867656813150435</Translation>
</Transform>
<Instance name="2cmX2cmX10cm Extrusion with Cap-4" uid="2cmX2cmX10cm Extrusion with Cap-4" entityUid="2cmX2cmX10cm Extrusion with Cap" rigid="true">
<Transform>
<Rotation>1 0 0 0 0 -1 0 1 0</Rotation>
<Translation>-0.0020287218542580365 -0.019659102445902576 -0.0039300855740244112</Translation>
</Transform>
<Instance name="2cmX2cmX10cm Extrusion2-1" uid="2cmX2cmX10cm Extrusion2-1" grounded="true" entityUid="2cmX2cmX10cm Extrusion2*:*Default">
<Transform>
<Rotation>1 0 0 0 1 0 0 0 1</Rotation>
<Translation>-0.0079125967365689526 -0.047442052816040803 0.0068024957925081342</Translation>
</Transform>
</Instance>
<Instance name="2cmX2cm Cap2-2" uid="2cmX2cm Cap2-2" entityUid="2cmX2cm Cap2*:*Default">
<Transform>
<Rotation>0 -1 0 1 0 0 0 0 1</Rotation>
<Translation>0.012087403263431051 -0.049442052816040805 0.0068024957925081342</Translation>
</Transform>
</Instance>
</Instance>
<Instance name="18mmX18mm 90Deg Joint-8" uid="18mmX18mm 90Deg Joint-8" entityUid="18mmX18mm 90Deg Joint*:*Default">
<Transform>
<Rotation>-1 3.4935031740721141e-16 0 0 0 1 3.4935031740721082e-16 1 0</Rotation>
<Translation>0.010058681409172987 0.053538401761589277 -0.031372138390065252</Translation>
</Transform>
</Instance>
<Instance name="18mmX18mm 90Deg Joint-5" uid="18mmX18mm 90Deg Joint-5" entityUid="18mmX18mm 90Deg Joint*:*Default">
<Transform>
<Rotation>0 -3.4694469519536142e-16 1 -1 0 0 0 -1 -3.4694469519536142e-16</Rotation>
<Translation>0.010058681409172987 -0.026461598238410711 -0.013372138390065236</Translation>
</Transform>
</Instance>
<Instance name="CompIntake Station Rod-3" uid="CompIntake Station Rod-3" entityUid="CompIntake Station Rod*:*Default">
<Transform>
<Rotation>0.78217173332340695 -1.1905692225822332e-16 0.62306290179231305 -0.62306290179231305 -1.7421556070082335e-16 0.78217173332340695 0 -1 -2.1044643854594264e-16</Rotation>
<Translation>0.060058681409173004 -0.10146159823841068 -0.071372138390065287</Translation>
</Transform>
</Instance>
<Instance name="2cmX2cmX10cm Extrusion with Cap-2" uid="2cmX2cmX10cm Extrusion with Cap-2" entityUid="2cmX2cmX10cm Extrusion with Cap" rigid="true">
<Transform>
<Rotation>1 0 0 0 0 -1 0 1 0</Rotation>
<Translation>-0.0020287218542580365 0.060340897554097384 -0.0039300855740244112</Translation>
</Transform>
<Instance name="2cmX2cmX10cm Extrusion2-1" uid="2cmX2cmX10cm Extrusion2-1" grounded="true" entityUid="2cmX2cmX10cm Extrusion2*:*Default">
<Transform>
<Rotation>1 0 0 0 1 0 0 0 1</Rotation>
<Translation>-0.0079125967365689526 -0.047442052816040803 0.0068024957925081342</Translation>
</Transform>
</Instance>
<Instance name="2cmX2cm Cap2-2" uid="2cmX2cm Cap2-2" entityUid="2cmX2cm Cap2*:*Default">
<Transform>
<Rotation>0 -1 0 1 0 0 0 0 1</Rotation>
<Translation>0.012087403263431051 -0.049442052816040805 0.0068024957925081342</Translation>
</Transform>
</Instance>
</Instance>
<Instance name="2cmX4cmX16.5cm Extrusion with Cap-1" uid="2cmX4cmX16.5cm Extrusion with Cap-1" entityUid="2cmX4cmX16.5cm Extrusion with Cap" rigid="true">
<Transform>
<Rotation>1 0 0 0 1 0 0 0 1</Rotation>
<Translation>0.023188094052784436 -0.032503177457457733 -0.0043506966742957731</Translation>
</Transform>
<Instance name="2cmX2cm Cap2-1" uid="2cmX2cm Cap2-1" entityUid="2cmX2cm Cap2*:*Default">
<Transform>
<Rotation>0 1 0 -1 0 0 0 0 1</Rotation>
<Translation>-0.013129412643611421 0.106041579219047 -0.0070214417157694609</Translation>
</Transform>
</Instance>
<Instance name="2cmX2cm Cap2-2" uid="2cmX2cm Cap2-2" entityUid="2cmX2cm Cap2*:*Default">
<Transform>
<Rotation>0 1 0 -1 0 0 0 0 1</Rotation>
<Translation>0.0068705873563885689 0.106041579219047 -0.0070214417157694609</Translation>
</Transform>
</Instance>
<Instance name="2cmX4cmX16.5 Extrusion-1" uid="2cmX4cmX16.5 Extrusion-1" grounded="true" entityUid="2cmX4cmX16.5 Extrusion*:*Default">
<Transform>
<Rotation>1 0 0 0 1 0 0 0 1</Rotation>
<Translation>-0.013129412643611421 -0.060958420780953024 -0.0070214417157694609</Translation>
</Transform>
</Instance>
<Instance name="2cmX2cm Cap2-3" uid="2cmX2cm Cap2-3" entityUid="2cmX2cm Cap2*:*Default">
<Transform>
<Rotation>0 -1 0 1 0 0 0 0 1</Rotation>
<Translation>0.026870587356388587 -0.062958420780953026 -0.0070214417157694609</Translation>
</Transform>
</Instance>
<Instance name="2cmX2cm Cap2-4" uid="2cmX2cm Cap2-4" entityUid="2cmX2cm Cap2*:*Default">
<Transform>
<Rotation>0 -1 0 1 0 0 0 0 1</Rotation>
<Translation>0.0068705873563885689 -0.062958420780953026 -0.0070214417157694609</Translation>
</Transform>
</Instance>
</Instance>
<Instance name="18mmX18mm 90Deg Joint-3" uid="18mmX18mm 90Deg Joint-3" entityUid="18mmX18mm 90Deg Joint*:*Default">
<Transform>
<Rotation>0 0.99999999999999989 0 -1 0 0 0 0 0.99999999999999989</Rotation>
<Translation>-0.0089413185908269882 0.053538401761589277 0.048627861609934819</Translation>
</Transform>
</Instance>
<Instance name="CompIntake Station Rod-2" uid="CompIntake Station Rod-2" entityUid="CompIntake Station Rod*:*Default">
<Transform>
<Rotation>0.92837636774739363 -1.1905692225822332e-16 0.37164138602711672 -0.37164138602711672 -1.7421556070082335e-16 0.92837636774739363 0 -1 -2.0598408905267474e-16</Rotation>
<Translation>0.060058681409173004 -0.13146159823841072 -0.071372138390065176</Translation>
</Transform>
</Instance>
<Instance name="18mmX18mm 90Deg Joint-2" uid="18mmX18mm 90Deg Joint-2" entityUid="18mmX18mm 90Deg Joint*:*Default">
<Transform>
<Rotation>0 0.99999999999999989 0 -1 0 0 0 0 0.99999999999999989</Rotation>
<Translation>0.051058681409173023 0.053538401761589277 0.048627861609934819</Translation>
</Transform>
</Instance>
<Instance name="18mmX18mm 90Deg Joint-6" uid="18mmX18mm 90Deg Joint-6" entityUid="18mmX18mm 90Deg Joint*:*Default">
<Transform>
<Rotation>1 0 0 0 0 1 0 -1 0</Rotation>
<Translation>0.050058681409172995 -0.026461598238410711 -0.013372138390065236</Translation>
</Transform>
</Instance>
<Instance name="CompIntake Station Rod-7" uid="CompIntake Station Rod-7" entityUid="CompIntake Station Rod*:*Default">
<Transform>
<Rotation>0.95943416464933295 -1.1905692225822332e-16 0.28193276450891092 -0.28193276450891092 -1.7421556070082335e-16 0.95943416464933295 0 -1 -2.0071440817609295e-16</Rotation>
<Translation>5.8681409173005905e-05 -0.10146159823841072 -0.071372138390065176</Translation>
</Transform>
</Instance>
<Instance name="2cmX2cmX10cm Extrusion with Cap-3" uid="2cmX2cmX10cm Extrusion with Cap-3" entityUid="2cmX2cmX10cm Extrusion with Cap" rigid="true">
<Transform>
<Rotation>1 0 0 0 0 -1 0 1 0</Rotation>
<Translation>0.057971278145741989 -0.019659102445902576 -0.0039300855740244112</Translation>
</Transform>
<Instance name="2cmX2cmX10cm Extrusion2-1" uid="2cmX2cmX10cm Extrusion2-1" grounded="true" entityUid="2cmX2cmX10cm Extrusion2*:*Default">
<Transform>
<Rotation>1 0 0 0 1 0 0 0 1</Rotation>
<Translation>-0.0079125967365689664 -0.047442052816040803 0.0068024957925081342</Translation>
</Transform>
</Instance>
<Instance name="2cmX2cm Cap2-2" uid="2cmX2cm Cap2-2" entityUid="2cmX2cm Cap2*:*Default">
<Transform>
<Rotation>0 -1 0 1 0 0 0 0 1</Rotation>
<Translation>0.012087403263431051 -0.049442052816040805 0.0068024957925081342</Translation>
</Transform>
</Instance>
</Instance>
<Instance name="18mmX18mm 90Deg Joint-4" uid="18mmX18mm 90Deg Joint-4" entityUid="18mmX18mm 90Deg Joint*:*Default">
<Transform>
<Rotation>0 0.99999999999999989 0 -1 0 0 0 0 0.99999999999999989</Rotation>
<Translation>-0.0099413185908269891 -0.026461598238410711 0.048627861609934819</Translation>
</Transform>
</Instance>
<Instance name="CompIntake Station Rod-6" uid="CompIntake Station Rod-6" entityUid="CompIntake Station Rod*:*Default">
<Transform>
<Rotation>0.98380122224474131 -1.1905692225822312e-16 0.1792628101691858 -0.1792628101691858 -1.7421556070082374e-16 0.98380122224474131 0 -1 -1.9273596000562652e-16</Rotation>
<Translation>0.015058681409172991 -0.14646159823841071 -0.071372138390065287</Translation>
</Transform>
</Instance>
<Instance name="18mmX18mm 90Deg Joint-1" uid="18mmX18mm 90Deg Joint-1" entityUid="18mmX18mm 90Deg Joint*:*Default">
<Transform>
<Rotation>0 0.99999999999999989 0 -1 0 0 0 0 0.99999999999999989</Rotation>
<Translation>0.051058681409173023 -0.026461598238410711 0.048627861609934819</Translation>
</Transform>
</Instance>
<Instance name="18mmX18mm 90Deg Joint-7" uid="18mmX18mm 90Deg Joint-7" entityUid="18mmX18mm 90Deg Joint*:*Default">
<Transform>
<Rotation>1 0 0 0 0 1 0 -1 0</Rotation>
<Translation>0.050058681409172995 0.053538401761589277 -0.013372138390065236</Translation>
</Transform>
</Instance>
<Instance name="CompIntake Station Plate-1" uid="CompIntake Station Plate-1" entityUid="CompIntake Station Plate*:*Default">
<Transform>
<Rotation>1 0 0 0 0 1 0 -1 0</Rotation>
<Translation>0.010058681409173015 0.073538401761589267 -0.031372138390065252</Translation>
</Transform>
</Instance>
<Instance name="CompIntake Station Side Plate-2" uid="CompIntake Station Side Plate-2" entityUid="CompIntake Station Side Plate*:*Default">
<Transform>
<Rotation>-1.665334536937742e-16 0 1 -1 -1.7421556070082414e-16 -1.665334536937742e-16 1.7421556070082409e-16 -1 0</Rotation>
<Translation>0.065058681409173008 -0.026461598238410711 -0.041372138390065261</Translation>
</Transform>
</Instance>
<Instance name="2cmX2cmX10cm Extrusion with Cap-1" uid="2cmX2cmX10cm Extrusion with Cap-1" entityUid="2cmX2cmX10cm Extrusion with Cap" rigid="true">
<Transform>
<Rotation>1 0 0 0 0 -1 0 1 0</Rotation>
<Translation>0.057971278145741989 0.060340897554097384 -0.0039300855740244112</Translation>
</Transform>
<Instance name="2cmX2cmX10cm Extrusion2-1" uid="2cmX2cmX10cm Extrusion2-1" grounded="true" entityUid="2cmX2cmX10cm Extrusion2*:*Default">
<Transform>
<Rotation>1 0 0 0 1 0 0 0 1</Rotation>
<Translation>-0.0079125967365689664 -0.047442052816040803 0.0068024957925081342</Translation>
</Transform>
</Instance>
<Instance name="2cmX2cm Cap2-2" uid="2cmX2cm Cap2-2" entityUid="2cmX2cm Cap2*:*Default">
<Transform>
<Rotation>0 -1 0 1 0 0 0 0 1</Rotation>
<Translation>0.012087403263431051 -0.049442052816040805 0.0068024957925081342</Translation>
</Transform>
</Instance>
</Instance>
<Instance name="8cmX23cm Plate with Cap-1" uid="8cmX23cm Plate with Cap-1" grounded="true" entityUid="8cmX23cm Plate with Cap" rigid="true">
<Transform>
<Rotation>1 0 0 0 1 0 0 0 1</Rotation>
<Translation>0.086923432209516704 -0.0069948914687643082 -0.041116084456746249</Translation>
</Transform>
<Instance name="8cmX23cm Plate Cap-1" uid="8cmX23cm Plate Cap-1" entityUid="8cmX23cm Plate Cap*:*Default">
<Transform>
<Rotation>-0.99999999999999989 0 1.0547118733938987e-15 0 -1 0 9.7144514654701197e-16 0 0.99999999999999989</Rotation>
<Translation>-0.016864750800343692 0.15253329323035358 0.10374394606668103</Translation>
</Transform>
</Instance>
<Instance name="8cmX23cm Plate Cap-2" uid="8cmX23cm Plate Cap-2" entityUid="8cmX23cm Plate Cap*:*Default">
<Transform>
<Rotation>1 0 0 0 1 0 0 0 1</Rotation>
<Translation>-0.096864750800343707 -0.077466706769646398 0.10374394606668103</Translation>
</Transform>
</Instance>
<Instance name="8cmX23cm Plate-1" uid="8cmX23cm Plate-1" grounded="true" entityUid="8cmX23cm Plate*:*Default">
<Transform>
<Rotation>1 0 0 0 1 0 0 0 1</Rotation>
<Translation>-0.096864750800343707 -0.077466706769646412 0.10374394606668103</Translation>
</Transform>
</Instance>
</Instance>
<Instance name="CompIntake Station Top Plate-1" uid="CompIntake Station Top Plate-1" entityUid="CompIntake Station Top Plate*:*Default">
<Transform>
<Rotation>-1.6653345369377422e-16 -1.1905692225822302e-16 1 -1 -1.7421556070082404e-16 -1.6653345369377429e-16 1.7421556070082406e-16 -1 -1.1905692225822305e-16</Rotation>
<Translation>0.065058681409173036 -0.026461598238410711 -0.066372138390065283</Translation>
</Transform>
</Instance>
<Instance name="CompIntake Station Rod-4" uid="CompIntake Station Rod-4" entityUid="CompIntake Station Rod*:*Default">
<Transform>
<Rotation>0.7394718995597197 -1.1905692225822312e-16 0.67318742543331878 -0.67318742543331878 -1.7421556070082364e-16 0.7394718995597197 0 -1 -2.0897513457932763e-16</Rotation>
<Translation>0.04505868140917299 -0.086461598238410695 -0.071372138390065176</Translation>
</Transform>
</Instance>
<Instance name="CompIntake Station Rod-1" uid="CompIntake Station Rod-1" entityUid="CompIntake Station Rod*:*Default">
<Transform>
<Rotation>0.9636159254764346 -1.1905692225822332e-16 -0.2672907558599712 0.2672907558599712 -1.7421556070082335e-16 0.9636159254764346 -1.6129135522852542e-16 -1 -1.360540740163575e-16</Rotation>
<Translation>0.045058681409173018 -0.14646159823841071 -0.071372138390065176</Translation>
</Transform>
</Instance>
<Instance name="CompIntake Station Side Plate-1" uid="CompIntake Station Side Plate-1" entityUid="CompIntake Station Side Plate*:*Default">
<Transform>
<Rotation>0 -5.7956279773208306e-16 -1 -1 -1.1516323444002372e-15 0 -1.1516323444002374e-15 1 -5.7956279773208296e-16</Rotation>
<Translation>-0.0049413185908269847 -0.026461598238410683 -0.066372138390065227</Translation>
</Transform>
</Instance>
<Instance name="CompIntake Station Rod-5" uid="CompIntake Station Rod-5" entityUid="CompIntake Station Rod*:*Default">
<Transform>
<Rotation>0.99883147619387003 -1.1905692225822307e-16 -0.048328895749586091 0.048328895749586091 -1.7421556070082342e-16 0.99883147619387003 -1.2733744708134556e-16 -1 -1.6825809608666198e-16</Rotation>
<Translation>0.015058681409172991 -0.086461598238410708 -0.071372138390065176</Translation>
</Transform>
</Instance>
<Instance name="CompIntake Station Rod-8" uid="CompIntake Station Rod-8" entityUid="CompIntake Station Rod*:*Default">
<Transform>
<Rotation>0.77815591829055053 -1.1905692225822332e-16 0.62807114790395402 -0.62807114790395402 -1.7421556070082335e-16 0.77815591829055053 0 -1 -2.1034308744628648e-16</Rotation>
<Translation>5.8681409173005905e-05 -0.13146159823841069 -0.071372138390065176</Translation>
</Transform>
</Instance>
<Instance name="CompIntake Station Pusher-1" uid="CompIntake Station Pusher-1" entityUid="CompIntake Station Pusher*:*Default">
<Transform>
<Rotation>0.00041462577635086918 1.6653355573597495e-16 0.99999991404272903 -0.99999991404272903 1.4384436199657669e-16 0.00041462577635086918 -1.4377530052727241e-16 -1 1.6659318300147151e-16</Rotation>
<Translation>0.056597344016437234 -0.027705578149138183 -0.041375361835697011</Translation>
</Transform>
</Instance>
<Instance name="11mmX120mmCylinderAssembly-1" uid="11mmX120mmCylinderAssembly-1" entityUid="11mmX120mmCylinderAssembly" rigid="true">
<Transform>
<Rotation>0.8528501604659966 0.52215556291069964 -0.00041462577635042964 0.00035361369028947013 0.00021649917425722263 0.99999991404272903 0.52215560779377101 -0.85285023377467506 0</Rotation>
<Translation>0.029594148525954045 -0.016958616065396226 -0.068559083336769078</Translation>
</Transform>
<Instance name="Rod-1" uid="Rod-1" entityUid="Rod*:*Default">
<Transform>
<Rotation>0.8184610065550707 -0.57456207736750275 0 -0.57456207736750287 -0.8184610065550707 5.2761192105733143e-16 -2.2575799736579411e-16 -4.8615625414250029e-16 -0.99999999999999978</Rotation>
<Translation>0.0039379195077344775 -0.0064343240228483811 0.057241842619143446</Translation>
</Transform>
</Instance>
<Instance name="Cylinder-1" uid="Cylinder-1" grounded="true" entityUid="Cylinder*:*Default">
<Transform>
<Rotation>1 0 0 0 1 0 0 0 1</Rotation>
<Translation>0.0039379195077344498 -0.0064343240228482146 -0.03200815738085655</Translation>
</Transform>
</Instance>
<Instance name="FrontCap-1" uid="FrontCap-1" entityUid="FrontCap*:*Default">
<Transform>
<Rotation>-0.85285023377467484 -0.52215560779377113 0 -0.52215560779377113 0.85285023377467473 0 0 0 -1</Rotation>
<Translation>0.0039379195077345053 -0.0064343240228483256 -0.03200815738085655</Translation>
</Transform>
</Instance>
<Instance name="11mm SensorClamp-2" uid="11mm SensorClamp-2" entityUid="11mm SensorClamp*:*Default">
<Transform>
<Rotation>0 -0.85285023377467506 -0.52215560779377035 1.8054676677314863e-16 -0.52215560779377024 0.85285023377467517 -0.99999999999999989 -1.4224732503009818e-16 1.2451857697460277e-16</Rotation>
<Translation>-0.0054914003618835305 0.0076719025167262256 -0.011610043455157676</Translation>
</Transform>
</Instance>
<Instance name="11mm SensorClamp-4" uid="11mm SensorClamp-4" entityUid="11mm SensorClamp*:*Default">
<Transform>
<Rotation>0 -0.85285023377467528 -0.52215560779377046 0 -0.52215560779377046 0.85285023377467528 -1 0 0</Rotation>
<Translation>-0.0043380869607055894 0.0083780160125311864 0.025903268545305641</Translation>
</Transform>
</Instance>
<Instance name="BackCap-1" uid="BackCap-1" entityUid="BackCap*:*Default">
<Transform>
<Rotation>0.85285023377467473 -0.52215560779377101 0 0.5221556077937709 0.85285023377467484 0 0 0 0.99999999999999978</Rotation>
<Translation>0.0039379195077344498 -0.0064343240228482701 0.060491842619143421</Translation>
</Transform>
</Instance>
<Instance name="11mm SensorClamp-1" uid="11mm SensorClamp-1" entityUid="11mm SensorClamp*:*Default">
<Transform>
<Rotation>1.0257636753885359e-15 0.85285023377467539 -0.52215560779377024 -5.4188424580825521e-16 0.52215560779377024 0.85285023377467539 1 -5.9187489262880481e-16 9.9775436109165678e-16</Rotation>
<Translation>-0.0054914003618836138 0.0076719025167263366 -0.021610043455157685</Translation>
</Transform>
</Instance>
<Instance name="11mm SensorClamp-3" uid="11mm SensorClamp-3" entityUid="11mm SensorClamp*:*Default">
<Transform>
<Rotation>0 0.85285023377467539 -0.52215560779377024 3.0523001660898169e-16 0.52215560779377024 0.85285023377467539 1 -1.1134136997748835e-16 -2.8972554161376653e-16</Rotation>
<Translation>-0.0043380869607055894 0.0083780160125311864 0.015903268545305632</Translation>
</Transform>
</Instance>
</Instance>
<Instance name="CompIntake Station Top Plate Cover-1" uid="CompIntake Station Top Plate Cover-1" entityUid="CompIntake Station Top Plate Cover*:*Default">
<Transform>
<Rotation>1 0 0 0 0 1 0 -1 0</Rotation>
<Translation>-0.0077228885566973243 -0.081461598238410871 -0.32637213839006518</Translation>
</Transform>
</Instance>
<Instance name="CylinderClamp-1" uid="CylinderClamp-1" entityUid="CylinderClamp*:*Default">
<Transform>
<Rotation>0.99999991404272914 0 -0.00041462577635043002 0.00041462577635043002 0 0.99999991404272914 0 -1 0</Rotation>
<Translation>0.012056610859009387 0.070525962558512401 -0.041372138390065205</Translation>
</Transform>
</Instance>
<Instance name="CylinderNut-1" uid="CylinderNut-1" entityUid="CylinderNut*:*Default">
<Transform>
<Rotation>0.99999991404272914 -0.00041462577635043002 0 0.00041462577635043002 0.99999991404272914 0 0 0 1</Rotation>
<Translation>0.029561999489849694 0.057533219627043053 -0.061015361835697002</Translation>
</Transform>
</Instance>
</Instance>
<Instance name="CompIntake Station-2" uid="CompIntake Station-2" entityUid="CompIntake Station" rigid="true">
<Transform>
<Rotation>1 0 0 0 0 -1 0 1 0</Rotation>
<Translation>0.01637031750039835 0.43051599154915537 0.18867656813150435</Translation>
</Transform>
<Instance name="2cmX2cmX10cm Extrusion with Cap-4" uid="2cmX2cmX10cm Extrusion with Cap-4" entityUid="2cmX2cmX10cm Extrusion with Cap" rigid="true">
<Transform>
<Rotation>1 0 0 0 0 -1 0 1 0</Rotation>
<Translation>-0.0020287218542580313 -0.019659102445902576 -0.0039300855740244112</Translation>
</Transform>
<Instance name="2cmX2cmX10cm Extrusion2-1" uid="2cmX2cmX10cm Extrusion2-1" grounded="true" entityUid="2cmX2cmX10cm Extrusion2*:*Default">
<Transform>
<Rotation>1 0 0 0 1 0 0 0 1</Rotation>
<Translation>-0.0079125967365689578 -0.047442052816040803 0.0068024957925081342</Translation>
</Transform>
</Instance>
<Instance name="2cmX2cm Cap2-2" uid="2cmX2cm Cap2-2" entityUid="2cmX2cm Cap2*:*Default">
<Transform>
<Rotation>0 -1 0 1 0 0 0 0 1</Rotation>
<Translation>0.012087403263431046 -0.049442052816040805 0.0068024957925081342</Translation>
</Transform>
</Instance>
</Instance>
<Instance name="18mmX18mm 90Deg Joint-8" uid="18mmX18mm 90Deg Joint-8" entityUid="18mmX18mm 90Deg Joint*:*Default">
<Transform>
<Rotation>-1 3.4935031740721141e-16 0 0 0 1 3.4935031740721082e-16 1 0</Rotation>
<Translation>0.010058681409172987 0.053538401761589277 -0.031372138390065196</Translation>
</Transform>
</Instance>
<Instance name="18mmX18mm 90Deg Joint-5" uid="18mmX18mm 90Deg Joint-5" entityUid="18mmX18mm 90Deg Joint*:*Default">
<Transform>
<Rotation>0 -3.4694469519536142e-16 1 -1 0 0 0 -1 -3.4694469519536142e-16</Rotation>
<Translation>0.010058681409172994 -0.026461598238410711 -0.013372138390065236</Translation>
</Transform>
</Instance>
<Instance name="CompIntake Station Rod-3" uid="CompIntake Station Rod-3" entityUid="CompIntake Station Rod*:*Default">
<Transform>
<Rotation>0.78217173332340695 -1.1905692225822332e-16 0.62306290179231305 -0.62306290179231305 -1.7421556070082335e-16 0.78217173332340695 0 -1 -2.1044643854594264e-16</Rotation>
<Translation>0.060058681409173011 -0.10146159823841068 -0.071372138390065232</Translation>
</Transform>
</Instance>
<Instance name="2cmX2cmX10cm Extrusion with Cap-2" uid="2cmX2cmX10cm Extrusion with Cap-2" entityUid="2cmX2cmX10cm Extrusion with Cap" rigid="true">
<Transform>
<Rotation>1 0 0 0 0 -1 0 1 0</Rotation>
<Translation>-0.0020287218542580313 0.060340897554097384 -0.0039300855740244112</Translation>
</Transform>
<Instance name="2cmX2cmX10cm Extrusion2-1" uid="2cmX2cmX10cm Extrusion2-1" grounded="true" entityUid="2cmX2cmX10cm Extrusion2*:*Default">
<Transform>
<Rotation>1 0 0 0 1 0 0 0 1</Rotation>
<Translation>-0.0079125967365689578 -0.047442052816040803 0.0068024957925081342</Translation>
</Transform>
</Instance>
<Instance name="2cmX2cm Cap2-2" uid="2cmX2cm Cap2-2" entityUid="2cmX2cm Cap2*:*Default">
<Transform>
<Rotation>0 -1 0 1 0 0 0 0 1</Rotation>
<Translation>0.012087403263431046 -0.049442052816040805 0.0068024957925081342</Translation>
</Transform>
</Instance>
</Instance>
<Instance name="2cmX4cmX16.5cm Extrusion with Cap-1" uid="2cmX4cmX16.5cm Extrusion with Cap-1" entityUid="2cmX4cmX16.5cm Extrusion with Cap" rigid="true">
<Transform>
<Rotation>1 0 0 0 1 0 0 0 1</Rotation>
<Translation>0.023188094052784422 -0.032503177457457733 -0.0043506966742957731</Translation>
</Transform>
<Instance name="2cmX2cm Cap2-1" uid="2cmX2cm Cap2-1" entityUid="2cmX2cm Cap2*:*Default">
<Transform>
<Rotation>0 1 0 -1 0 0 0 0 1</Rotation>
<Translation>-0.013129412643611428 0.106041579219047 -0.0070214417157694609</Translation>
</Transform>
</Instance>
<Instance name="2cmX2cm Cap2-2" uid="2cmX2cm Cap2-2" entityUid="2cmX2cm Cap2*:*Default">
<Transform>
<Rotation>0 1 0 -1 0 0 0 0 1</Rotation>
<Translation>0.0068705873563885689 0.106041579219047 -0.0070214417157694609</Translation>
</Transform>
</Instance>
<Instance name="2cmX4cmX16.5 Extrusion-1" uid="2cmX4cmX16.5 Extrusion-1" grounded="true" entityUid="2cmX4cmX16.5 Extrusion*:*Default">
<Transform>
<Rotation>1 0 0 0 1 0 0 0 1</Rotation>
<Translation>-0.013129412643611428 -0.060958420780953024 -0.0070214417157694609</Translation>
</Transform>
</Instance>
<Instance name="2cmX2cm Cap2-3" uid="2cmX2cm Cap2-3" entityUid="2cmX2cm Cap2*:*Default">
<Transform>
<Rotation>0 -1 0 1 0 0 0 0 1</Rotation>
<Translation>0.02687058735638858 -0.062958420780953026 -0.0070214417157694609</Translation>
</Transform>
</Instance>
<Instance name="2cmX2cm Cap2-4" uid="2cmX2cm Cap2-4" entityUid="2cmX2cm Cap2*:*Default">
<Transform>
<Rotation>0 -1 0 1 0 0 0 0 1</Rotation>
<Translation>0.0068705873563885758 -0.062958420780953026 -0.0070214417157694609</Translation>
</Transform>
</Instance>
</Instance>
<Instance name="18mmX18mm 90Deg Joint-3" uid="18mmX18mm 90Deg Joint-3" entityUid="18mmX18mm 90Deg Joint*:*Default">
<Transform>
<Rotation>0 0.99999999999999989 0 -1 0 0 0 0 0.99999999999999989</Rotation>
<Translation>-0.0089413185908269899 0.053538401761589277 0.048627861609934764</Translation>
</Transform>
</Instance>
<Instance name="CompIntake Station Rod-2" uid="CompIntake Station Rod-2" entityUid="CompIntake Station Rod*:*Default">
<Transform>
<Rotation>0.92837636774739363 -1.1905692225822332e-16 0.37164138602711672 -0.37164138602711672 -1.7421556070082335e-16 0.92837636774739363 0 -1 -2.0598408905267474e-16</Rotation>
<Translation>0.060058681409173011 -0.13146159823841072 -0.071372138390065121</Translation>
</Transform>
</Instance>
<Instance name="18mmX18mm 90Deg Joint-2" uid="18mmX18mm 90Deg Joint-2" entityUid="18mmX18mm 90Deg Joint*:*Default">
<Transform>
<Rotation>0 0.99999999999999989 0 -1 0 0 0 0 0.99999999999999989</Rotation>
<Translation>0.05105868140917303 0.053538401761589277 0.048627861609934764</Translation>
</Transform>
</Instance>
<Instance name="18mmX18mm 90Deg Joint-6" uid="18mmX18mm 90Deg Joint-6" entityUid="18mmX18mm 90Deg Joint*:*Default">
<Transform>
<Rotation>1 0 0 0 0 1 0 -1 0</Rotation>
<Translation>0.050058681409173002 -0.026461598238410711 -0.013372138390065236</Translation>
</Transform>
</Instance>
<Instance name="CompIntake Station Rod-7" uid="CompIntake Station Rod-7" entityUid="CompIntake Station Rod*:*Default">
<Transform>
<Rotation>0.95943416464933295 -1.1905692225822332e-16 0.28193276450891092 -0.28193276450891092 -1.7421556070082335e-16 0.95943416464933295 0 -1 -2.0071440817609295e-16</Rotation>
<Translation>5.8681409173005905e-05 -0.10146159823841072 -0.071372138390065121</Translation>
</Transform>
</Instance>
<Instance name="2cmX2cmX10cm Extrusion with Cap-3" uid="2cmX2cmX10cm Extrusion with Cap-3" entityUid="2cmX2cmX10cm Extrusion with Cap" rigid="true">
<Transform>
<Rotation>1 0 0 0 0 -1 0 1 0</Rotation>
<Translation>0.057971278145741968 -0.019659102445902576 -0.0039300855740244112</Translation>
</Transform>
<Instance name="2cmX2cmX10cm Extrusion2-1" uid="2cmX2cmX10cm Extrusion2-1" grounded="true" entityUid="2cmX2cmX10cm Extrusion2*:*Default">
<Transform>
<Rotation>1 0 0 0 1 0 0 0 1</Rotation>
<Translation>-0.0079125967365689526 -0.047442052816040803 0.0068024957925081342</Translation>
</Transform>
</Instance>
<Instance name="2cmX2cm Cap2-2" uid="2cmX2cm Cap2-2" entityUid="2cmX2cm Cap2*:*Default">
<Transform>
<Rotation>0 -1 0 1 0 0 0 0 1</Rotation>
<Translation>0.012087403263431051 -0.049442052816040805 0.0068024957925081342</Translation>
</Transform>
</Instance>
</Instance>
<Instance name="18mmX18mm 90Deg Joint-4" uid="18mmX18mm 90Deg Joint-4" entityUid="18mmX18mm 90Deg Joint*:*Default">
<Transform>
<Rotation>0 0.99999999999999989 0 -1 0 0 0 0 0.99999999999999989</Rotation>
<Translation>-0.0099413185908269926 -0.026461598238410711 0.048627861609934764</Translation>
</Transform>
</Instance>
<Instance name="CompIntake Station Rod-6" uid="CompIntake Station Rod-6" entityUid="CompIntake Station Rod*:*Default">
<Transform>
<Rotation>0.98380122224474131 -1.1905692225822312e-16 0.1792628101691858 -0.1792628101691858 -1.7421556070082374e-16 0.98380122224474131 0 -1 -1.9273596000562652e-16</Rotation>
<Translation>0.015058681409172998 -0.14646159823841071 -0.071372138390065232</Translation>
</Transform>
</Instance>
<Instance name="18mmX18mm 90Deg Joint-1" uid="18mmX18mm 90Deg Joint-1" entityUid="18mmX18mm 90Deg Joint*:*Default">
<Transform>
<Rotation>0 0.99999999999999989 0 -1 0 0 0 0 0.99999999999999989</Rotation>
<Translation>0.05105868140917303 -0.026461598238410711 0.048627861609934764</Translation>
</Transform>
</Instance>
<Instance name="18mmX18mm 90Deg Joint-7" uid="18mmX18mm 90Deg Joint-7" entityUid="18mmX18mm 90Deg Joint*:*Default">
<Transform>
<Rotation>1 0 0 0 0 1 0 -1 0</Rotation>
<Translation>0.050058681409173002 0.053538401761589277 -0.013372138390065236</Translation>
</Transform>
</Instance>
<Instance name="CompIntake Station Plate-1" uid="CompIntake Station Plate-1" entityUid="CompIntake Station Plate*:*Default">
<Transform>
<Rotation>1 0 0 0 0 1 0 -1 0</Rotation>
<Translation>0.010058681409173011 0.073538401761589267 -0.031372138390065196</Translation>
</Transform>
</Instance>
<Instance name="CompIntake Station Side Plate-2" uid="CompIntake Station Side Plate-2" entityUid="CompIntake Station Side Plate*:*Default">
<Transform>
<Rotation>-1.665334536937742e-16 0 1 -1 -1.7421556070082414e-16 -1.665334536937742e-16 1.7421556070082409e-16 -1 0</Rotation>
<Translation>0.065058681409173008 -0.026461598238410711 -0.041372138390065261</Translation>
</Transform>
</Instance>
<Instance name="2cmX2cmX10cm Extrusion with Cap-1" uid="2cmX2cmX10cm Extrusion with Cap-1" entityUid="2cmX2cmX10cm Extrusion with Cap" rigid="true">
<Transform>
<Rotation>1 0 0 0 0 -1 0 1 0</Rotation>
<Translation>0.057971278145741968 0.060340897554097384 -0.0039300855740244112</Translation>
</Transform>
<Instance name="2cmX2cmX10cm Extrusion2-1" uid="2cmX2cmX10cm Extrusion2-1" grounded="true" entityUid="2cmX2cmX10cm Extrusion2*:*Default">
<Transform>
<Rotation>1 0 0 0 1 0 0 0 1</Rotation>
<Translation>-0.0079125967365689526 -0.047442052816040803 0.0068024957925081342</Translation>
</Transform>
</Instance>
<Instance name="2cmX2cm Cap2-2" uid="2cmX2cm Cap2-2" entityUid="2cmX2cm Cap2*:*Default">
<Transform>
<Rotation>0 -1 0 1 0 0 0 0 1</Rotation>
<Translation>0.012087403263431051 -0.049442052816040805 0.0068024957925081342</Translation>
</Transform>
</Instance>
</Instance>
<Instance name="8cmX23cm Plate with Cap-1" uid="8cmX23cm Plate with Cap-1" grounded="true" entityUid="8cmX23cm Plate with Cap" rigid="true">
<Transform>
<Rotation>1 0 0 0 1 0 0 0 1</Rotation>
<Translation>0.086923432209516704 -0.0069948914687643082 -0.041116084456746249</Translation>
</Transform>
<Instance name="8cmX23cm Plate Cap-1" uid="8cmX23cm Plate Cap-1" entityUid="8cmX23cm Plate Cap*:*Default">
<Transform>
<Rotation>-0.99999999999999989 0 1.0547118733938987e-15 0 -1 0 9.7144514654701197e-16 0 0.99999999999999989</Rotation>
<Translation>-0.016864750800343692 0.15253329323035358 0.10374394606668103</Translation>
</Transform>
</Instance>
<Instance name="8cmX23cm Plate Cap-2" uid="8cmX23cm Plate Cap-2" entityUid="8cmX23cm Plate Cap*:*Default">
<Transform>
<Rotation>1 0 0 0 1 0 0 0 1</Rotation>
<Translation>-0.096864750800343707 -0.077466706769646398 0.10374394606668103</Translation>
</Transform>
</Instance>
<Instance name="8cmX23cm Plate-1" uid="8cmX23cm Plate-1" grounded="true" entityUid="8cmX23cm Plate*:*Default">
<Transform>
<Rotation>1 0 0 0 1 0 0 0 1</Rotation>
<Translation>-0.096864750800343707 -0.077466706769646412 0.10374394606668103</Translation>
</Transform>
</Instance>
</Instance>
<Instance name="CompIntake Station Top Plate-1" uid="CompIntake Station Top Plate-1" entityUid="CompIntake Station Top Plate*:*Default">
<Transform>
<Rotation>-1.6653345369377422e-16 -1.1905692225822302e-16 1 -1 -1.7421556070082404e-16 -1.6653345369377429e-16 1.7421556070082406e-16 -1 -1.1905692225822305e-16</Rotation>
<Translation>0.065058681409173008 -0.026461598238410711 -0.066372138390065227</Translation>
</Transform>
</Instance>
<Instance name="CompIntake Station Rod-4" uid="CompIntake Station Rod-4" entityUid="CompIntake Station Rod*:*Default">
<Transform>
<Rotation>0.7394718995597197 -1.1905692225822312e-16 0.67318742543331878 -0.67318742543331878 -1.7421556070082364e-16 0.7394718995597197 0 -1 -2.0897513457932763e-16</Rotation>
<Translation>0.04505868140917299 -0.086461598238410695 -0.071372138390065232</Translation>
</Transform>
</Instance>
<Instance name="CompIntake Station Rod-1" uid="CompIntake Station Rod-1" entityUid="CompIntake Station Rod*:*Default">
<Transform>
<Rotation>0.9636159254764346 -1.1905692225822332e-16 -0.2672907558599712 0.2672907558599712 -1.7421556070082335e-16 0.9636159254764346 -1.6129135522852542e-16 -1 -1.360540740163575e-16</Rotation>
<Translation>0.045058681409173004 -0.14646159823841071 -0.071372138390065232</Translation>
</Transform>
</Instance>
<Instance name="CompIntake Station Side Plate-1" uid="CompIntake Station Side Plate-1" entityUid="CompIntake Station Side Plate*:*Default">
<Transform>
<Rotation>0 -5.7956279773208306e-16 -1 -1 -1.1516323444002372e-15 0 -1.1516323444002374e-15 1 -5.7956279773208296e-16</Rotation>
<Translation>-0.0049413185908269812 -0.026461598238410683 -0.066372138390065227</Translation>
</Transform>
</Instance>
<Instance name="CompIntake Station Rod-5" uid="CompIntake Station Rod-5" entityUid="CompIntake Station Rod*:*Default">
<Transform>
<Rotation>0.99883147619387003 -1.1905692225822307e-16 -0.048328895749586091 0.048328895749586091 -1.7421556070082342e-16 0.99883147619387003 -1.2733744708134556e-16 -1 -1.6825809608666198e-16</Rotation>
<Translation>0.015058681409173005 -0.086461598238410708 -0.071372138390065232</Translation>
</Transform>
</Instance>
<Instance name="CompIntake Station Rod-8" uid="CompIntake Station Rod-8" entityUid="CompIntake Station Rod*:*Default">
<Transform>
<Rotation>0.77815591829055053 -1.1905692225822332e-16 0.62807114790395402 -0.62807114790395402 -1.7421556070082335e-16 0.77815591829055053 0 -1 -2.1034308744628648e-16</Rotation>
<Translation>5.8681409173005905e-05 -0.13146159823841069 -0.071372138390065121</Translation>
</Transform>
</Instance>
<Instance name="CompIntake Station Pusher-1" uid="CompIntake Station Pusher-1" entityUid="CompIntake Station Pusher*:*Default">
<Transform>
<Rotation>0.00041462577635086918 1.6653355573597495e-16 0.99999991404272903 -0.99999991404272903 1.4384436199657669e-16 0.00041462577635086918 -1.4377530052727241e-16 -1 1.6659318300147151e-16</Rotation>
<Translation>0.056597344016437241 -0.027705578149138183 -0.041375361835697011</Translation>
</Transform>
</Instance>
<Instance name="11mmX120mmCylinderAssembly-1" uid="11mmX120mmCylinderAssembly-1" entityUid="11mmX120mmCylinderAssembly" rigid="true">
<Transform>
<Rotation>0.8528501604659966 0.52215556291069964 -0.00041462577635042964 0.00035361369028947013 0.00021649917425722263 0.99999991404272903 0.52215560779377101 -0.85285023377467506 0</Rotation>
<Translation>0.029594148525954031 -0.016958616065396226 -0.068559083336769078</Translation>
</Transform>
<Instance name="Rod-1" uid="Rod-1" entityUid="Rod*:*Default">
<Transform>
<Rotation>0.8184610065550707 -0.57456207736750275 0 -0.57456207736750287 -0.8184610065550707 5.2761192105733143e-16 -2.2575799736579411e-16 -4.8615625414250029e-16 -0.99999999999999978</Rotation>
<Translation>0.003937919507734422 -0.0064343240228482146 0.057241842619143446</Translation>
</Transform>
</Instance>
<Instance name="Cylinder-1" uid="Cylinder-1" grounded="true" entityUid="Cylinder*:*Default">
<Transform>
<Rotation>1 0 0 0 1 0 0 0 1</Rotation>
<Translation>0.0039379195077344498 -0.0064343240228482146 -0.03200815738085655</Translation>
</Transform>
</Instance>
<Instance name="FrontCap-1" uid="FrontCap-1" entityUid="FrontCap*:*Default">
<Transform>
<Rotation>-0.85285023377467484 -0.52215560779377113 0 -0.52215560779377113 0.85285023377467473 0 0 0 -1</Rotation>
<Translation>0.0039379195077344498 -0.0064343240228482146 -0.03200815738085655</Translation>
</Transform>
</Instance>
<Instance name="11mm SensorClamp-2" uid="11mm SensorClamp-2" entityUid="11mm SensorClamp*:*Default">
<Transform>
<Rotation>0 -0.85285023377467506 -0.52215560779377035 1.8054676677314863e-16 -0.52215560779377024 0.85285023377467517 -0.99999999999999989 -1.4224732503009818e-16 1.2451857697460277e-16</Rotation>
<Translation>-0.005491400361883586 0.0076719025167263366 -0.011610043455157676</Translation>
</Transform>
</Instance>
<Instance name="11mm SensorClamp-4" uid="11mm SensorClamp-4" entityUid="11mm SensorClamp*:*Default">
<Transform>
<Rotation>0 -0.85285023377467528 -0.52215560779377046 0 -0.52215560779377046 0.85285023377467528 -1 0 0</Rotation>
<Translation>-0.0043380869607055894 0.008378016012531242 0.025903268545305641</Translation>
</Transform>
</Instance>
<Instance name="BackCap-1" uid="BackCap-1" entityUid="BackCap*:*Default">
<Transform>
<Rotation>0.85285023377467473 -0.52215560779377101 0 0.5221556077937709 0.85285023377467484 0 0 0 0.99999999999999978</Rotation>
<Translation>0.0039379195077344498 -0.0064343240228482146 0.060491842619143421</Translation>
</Transform>
</Instance>
<Instance name="11mm SensorClamp-1" uid="11mm SensorClamp-1" entityUid="11mm SensorClamp*:*Default">
<Transform>
<Rotation>1.0257636753885359e-15 0.85285023377467539 -0.52215560779377024 -5.4188424580825521e-16 0.52215560779377024 0.85285023377467539 1 -5.9187489262880481e-16 9.9775436109165678e-16</Rotation>
<Translation>-0.0054914003618836138 0.0076719025167262811 -0.021610043455157685</Translation>
</Transform>
</Instance>
<Instance name="11mm SensorClamp-3" uid="11mm SensorClamp-3" entityUid="11mm SensorClamp*:*Default">
<Transform>
<Rotation>0 0.85285023377467539 -0.52215560779377024 3.0523001660898169e-16 0.52215560779377024 0.85285023377467539 1 -1.1134136997748835e-16 -2.8972554161376653e-16</Rotation>
<Translation>-0.0043380869607055894 0.008378016012531242 0.015903268545305632</Translation>
</Transform>
</Instance>
</Instance>
<Instance name="CompIntake Station Top Plate Cover-1" uid="CompIntake Station Top Plate Cover-1" entityUid="CompIntake Station Top Plate Cover*:*Default">
<Transform>
<Rotation>1 0 0 0 0 1 0 -1 0</Rotation>
<Translation>-0.0077228885566973191 -0.081461598238410871 -0.32637213839006524</Translation>
</Transform>
</Instance>
<Instance name="CylinderClamp-1" uid="CylinderClamp-1" entityUid="CylinderClamp*:*Default">
<Transform>
<Rotation>0.99999991404272914 0 -0.00041462577635043002 0.00041462577635043002 0 0.99999991404272914 0 -1 0</Rotation>
<Translation>0.01205661085900938 0.070525962558512401 -0.041372138390065205</Translation>
</Transform>
</Instance>
<Instance name="CylinderNut-1" uid="CylinderNut-1" entityUid="CylinderNut*:*Default">
<Transform>
<Rotation>0.99999991404272914 -0.00041462577635043002 0 0.00041462577635043002 0.99999991404272914 0 0 0 1</Rotation>
<Translation>0.029561999489849694 0.057533219627043053 -0.061015361835697002</Translation>
</Transform>
</Instance>
</Instance>
<Instance name="Table-3" uid="Table-3" entityUid="Table" rigid="true">
<Transform>
<Rotation>1 0 0 0 1 0 0 0 1</Rotation>
<Translation>-1.6736191935151277 0.22586315683684088 0.039374573622937892</Translation>
</Transform>
<Instance name="3cmX3cmX49cm Extrusion2-2" uid="3cmX3cmX49cm Extrusion2-2" entityUid="3cmX3cmX49cm Extrusion2*:*Default">
<Transform>
<Rotation>1 0 0 0 0 -1 0 1 0</Rotation>
<Translation>-0.45495180757530052 -0.62797502689762164 -0.19515960372984389</Translation>
</Transform>
</Instance>
<Instance name="3cmX3cmX59.4cm Extrusion2-1" uid="3cmX3cmX59.4cm Extrusion2-1" entityUid="3cmX3cmX59.4cm Extrusion2*:*Default">
<Transform>
<Rotation>0 -1 0 1 0 0 0 0 1</Rotation>
<Translation>0.16904819242469937 -0.047975026897621564 0.16484039627015609</Translation>
</Transform>
</Instance>
<Instance name="3cmX3cmX59.4cm Extrusion2-2" uid="3cmX3cmX59.4cm Extrusion2-2" entityUid="3cmX3cmX59.4cm Extrusion2*:*Default">
<Transform>
<Rotation>0 -1 0 1 0 0 0 0 1</Rotation>
<Translation>0.16904819242469937 -0.19797502689761998 0.16484039627015618</Translation>
</Transform>
</Instance>
<Instance name="3cmX3cmX80cm Extrusion with Cap-2" uid="3cmX3cmX80cm Extrusion with Cap-2" entityUid="3cmX3cmX80cm Extrusion with Cap" rigid="true">
<Transform>
<Rotation>0 -1 0 0 0 1 -1 0 0</Rotation>
<Translation>0.014999855251517147 0.2540004895417951 0.35441108762985102</Translation>
</Transform>
